1000000 1 116
1000000 1 78
1000000 1 83
1000000 1 71
1000000 1 79
1000000 1 71
1000000 1 65
1000000 1 89
1000000 1 67
1000000 1 81
1000000 1 61
1000000 1 79
1000000 1 71
1000000 1 56
1000000 1 68
2000000 2 201
2000000 2 154
2000000 2 158
2000000 2 142
2000000 2 159
2000000 2 376
2000000 2 372
2000000 2 348
2000000 2 340
2000000 2 354
2000000 2 373
2000000 2 352
2000000 2 328
2000000 2 309
2000000 2 288
3000000 3 553
3000000 3 750
3000000 3 291
3000000 3 475
3000000 3 521
3000000 3 679
3000000 3 662
3000000 3 679
3000000 3 740
3000000 3 364
3000000 3 843
3000000 3 798
3000000 3 348
3000000 3 868
3000000 3 792
4000000 4 410
4000000 4 970
4000000 4 1047
4000000 4 907
4000000 4 835
4000000 4 1025
4000000 4 483
4000000 4 851
4000000 4 1029
4000000 4 1173
4000000 4 524
4000000 4 1227
4000000 4 544
4000000 4 569
4000000 4 860
5000000 5 1381
5000000 5 887
5000000 5 934
5000000 5 1100
5000000 5 1015
5000000 5 1201
5000000 5 1116
5000000 5 1295
5000000 5 1461
5000000 5 600
5000000 5 1107
5000000 5 600
5000000 5 1516
5000000 5 632
5000000 5 1399
6000000 6 1649
6000000 6 1665
6000000 6 1839
6000000 6 1553
6000000 6 1270
6000000 6 1563
6000000 6 1236
6000000 6 1610
6000000 6 1502
6000000 6 613
6000000 6 1498
6000000 6 1283
6000000 6 764
6000000 6 906
6000000 6 1850
7000000 7 2358
7000000 7 1081
7000000 7 1990
7000000 7 1916
7000000 7 2034
7000000 7 1997
7000000 7 1849
7000000 7 2484
7000000 7 2530
7000000 7 2623
7000000 7 2599
7000000 7 2463
7000000 7 2420
7000000 7 2463
7000000 7 2547
8000000 8 3039
8000000 8 2991
8000000 8 2972
8000000 8 2998
8000000 8 2962
8000000 8 2197
8000000 8 3060
8000000 8 2948
8000000 8 2861
8000000 8 2954
8000000 8 2663
8000000 8 2637
8000000 8 2369
8000000 8 2556
8000000 8 2565
