4032000 1 134
4032000 1 140
4032000 1 135
4032000 1 132
4032000 1 123
4032000 1 128
4032000 1 127
4032000 1 128
4032000 1 127
4032000 1 128
4032000 1 122
4032000 1 135
4032000 1 118
4032000 1 142
4032000 1 126
4032000 2 63
4032000 2 69
4032000 2 58
4032000 2 63
4032000 2 79
4032000 2 65
4032000 2 61
4032000 2 63
4032000 2 64
4032000 2 63
4032000 2 63
4032000 2 63
4032000 2 63
4032000 2 78
4032000 2 63
4032000 3 47
4032000 3 48
4032000 3 31
4032000 3 59
4032000 3 46
4032000 3 38
4032000 3 47
4032000 3 52
4032000 3 43
4032000 3 48
4032000 3 31
4032000 3 31
4032000 3 58
4032000 3 37
4032000 3 48
4032000 4 42
4032000 4 22
4032000 4 29
4032000 4 39
4032000 4 35
4032000 4 36
4032000 4 29
4032000 4 32
4032000 4 32
4032000 4 32
4032000 4 33
4032000 4 30
4032000 4 31
4032000 4 32
4032000 4 33
4032000 5 26
4032000 5 28
4032000 5 25
4032000 5 32
4032000 5 16
4032000 5 31
4032000 5 37
4032000 5 30
4032000 5 11
4032000 5 27
4032000 5 27
4032000 5 25
4032000 5 32
4032000 5 16
4032000 5 31
4032000 6 34
4032000 6 23
4032000 6 22
4032000 6 27
4032000 6 24
4032000 6 25
4032000 6 19
4032000 6 16
4032000 6 37
4032000 6 24
4032000 6 16
4032000 6 31
4032000 6 22
4032000 6 24
4032000 6 16
4032000 7 29
4032000 7 18
4032000 7 22
4032000 7 21
4032000 7 20
4032000 7 22
4032000 7 20
4032000 7 19
4032000 7 19
4032000 7 23
4032000 7 21
4032000 7 20
4032000 7 21
4032000 7 21
4032000 7 19
4032000 8 19
4032000 8 18
4032000 8 19
4032000 8 17
4032000 8 17
4032000 8 19
4032000 8 16
4032000 8 19
4032000 8 18
4032000 8 19
4032000 8 21
4032000 8 18
4032000 8 19
4032000 8 21
4032000 8 19
