4032000 1 138
4032000 1 141
4032000 1 122
4032000 1 140
4032000 1 128
4032000 1 121
4032000 1 127
4032000 1 127
4032000 1 127
4032000 1 128
4032000 1 136
4032000 1 114
4032000 1 127
4032000 1 125
4032000 1 126
8064000 2 127
8064000 2 140
8064000 2 126
8064000 2 126
8064000 2 127
8064000 2 126
8064000 2 120
8064000 2 126
8064000 2 126
8064000 2 142
8064000 2 124
8064000 2 126
8064000 2 126
8064000 2 140
8064000 2 125
12096000 3 124
12096000 3 126
12096000 3 127
12096000 3 125
12096000 3 126
12096000 3 143
12096000 3 131
12096000 3 242
12096000 3 127
12096000 3 131
12096000 3 128
12096000 3 134
12096000 3 119
12096000 3 130
12096000 3 124
16128000 4 127
16128000 4 131
16128000 4 132
16128000 4 134
16128000 4 140
16128000 4 134
16128000 4 137
16128000 4 133
16128000 4 134
16128000 4 148
16128000 4 135
16128000 4 137
16128000 4 124
16128000 4 137
16128000 4 132
20160000 5 123
20160000 5 142
20160000 5 132
20160000 5 131
20160000 5 133
20160000 5 123
20160000 5 139
20160000 5 133
20160000 5 133
20160000 5 120
20160000 5 127
20160000 5 139
20160000 5 131
20160000 5 137
20160000 5 127
24192000 6 131
24192000 6 132
24192000 6 135
24192000 6 133
24192000 6 130
24192000 6 132
24192000 6 133
24192000 6 133
24192000 6 134
24192000 6 131
24192000 6 133
24192000 6 134
24192000 6 131
24192000 6 134
24192000 6 132
28224000 7 134
28224000 7 132
28224000 7 126
28224000 7 138
28224000 7 131
28224000 7 124
28224000 7 133
28224000 7 135
28224000 7 135
28224000 7 120
28224000 7 131
28224000 7 122
28224000 7 131
28224000 7 121
28224000 7 142
32256000 8 136
32256000 8 135
32256000 8 138
32256000 8 133
32256000 8 135
32256000 8 135
32256000 8 132
32256000 8 133
32256000 8 135
32256000 8 136
32256000 8 136
32256000 8 141
32256000 8 159
32256000 8 143
32256000 8 133
