1000000 1 114
1000000 1 81
1000000 1 76
1000000 1 80
1000000 1 82
1000000 1 77
1000000 1 63
1000000 1 71
1000000 1 72
1000000 1 64
1000000 1 63
1000000 1 77
1000000 1 66
1000000 1 63
1000000 1 79
1000000 2 95
1000000 2 77
1000000 2 64
1000000 2 188
1000000 2 174
1000000 2 175
1000000 2 175
1000000 2 180
1000000 2 169
1000000 2 165
1000000 2 169
1000000 2 172
1000000 2 174
1000000 2 159
1000000 2 158
1000000 3 244
1000000 3 245
1000000 3 92
1000000 3 264
1000000 3 178
1000000 3 189
1000000 3 190
1000000 3 238
1000000 3 238
1000000 3 237
1000000 3 228
1000000 3 246
1000000 3 214
1000000 3 217
1000000 3 242
1000000 4 211
1000000 4 263
1000000 4 246
1000000 4 252
1000000 4 278
1000000 4 264
1000000 4 306
1000000 4 254
1000000 4 251
1000000 4 253
1000000 4 284
1000000 4 203
1000000 4 269
1000000 4 278
1000000 4 321
1000000 5 298
1000000 5 305
1000000 5 309
1000000 5 301
1000000 5 316
1000000 5 384
1000000 5 281
1000000 5 300
1000000 5 285
1000000 5 305
1000000 5 311
1000000 5 238
1000000 5 294
1000000 5 134
1000000 5 257
1000000 6 248
1000000 6 277
1000000 6 310
1000000 6 281
1000000 6 261
1000000 6 279
1000000 6 271
1000000 6 267
1000000 6 258
1000000 6 324
1000000 6 285
1000000 6 286
1000000 6 350
1000000 6 309
1000000 6 261
1000000 7 341
1000000 7 322
1000000 7 329
1000000 7 332
1000000 7 364
1000000 7 377
1000000 7 423
1000000 7 209
1000000 7 398
1000000 7 373
1000000 7 340
1000000 7 286
1000000 7 302
1000000 7 302
1000000 7 284
1000000 8 331
1000000 8 317
1000000 8 335
1000000 8 409
1000000 8 411
1000000 8 393
1000000 8 359
1000000 8 300
1000000 8 140
1000000 8 348
1000000 8 359
1000000 8 361
1000000 8 343
1000000 8 370
1000000 8 386
