4032000 1 181
4032000 1 151
4032000 1 146
4032000 1 134
4032000 1 133
4032000 1 134
4032000 1 130
4032000 1 131
4032000 1 129
4032000 1 129
4032000 1 131
4032000 1 132
4032000 1 131
4032000 1 132
4032000 1 131
8064000 2 130
8064000 2 128
8064000 2 129
8064000 2 132
8064000 2 132
8064000 2 129
8064000 2 130
8064000 2 132
8064000 2 129
8064000 2 134
8064000 2 133
8064000 2 133
8064000 2 133
8064000 2 135
8064000 2 131
12096000 3 132
12096000 3 133
12096000 3 133
12096000 3 131
12096000 3 132
12096000 3 132
12096000 3 132
12096000 3 132
12096000 3 130
12096000 3 131
12096000 3 132
12096000 3 132
12096000 3 131
12096000 3 132
12096000 3 131
16128000 4 134
16128000 4 132
16128000 4 133
16128000 4 136
16128000 4 133
16128000 4 134
16128000 4 135
16128000 4 134
16128000 4 134
16128000 4 135
16128000 4 132
16128000 4 134
16128000 4 132
16128000 4 131
16128000 4 132
20160000 5 133
20160000 5 131
20160000 5 131
20160000 5 132
20160000 5 133
20160000 5 132
20160000 5 132
20160000 5 132
20160000 5 131
20160000 5 131
20160000 5 133
20160000 5 132
20160000 5 132
20160000 5 133
20160000 5 132
24192000 6 132
24192000 6 130
24192000 6 132
24192000 6 132
24192000 6 132
24192000 6 134
24192000 6 131
24192000 6 131
24192000 6 132
24192000 6 132
24192000 6 133
24192000 6 133
24192000 6 135
24192000 6 131
24192000 6 131
28224000 7 135
28224000 7 132
28224000 7 133
28224000 7 132
28224000 7 135
28224000 7 132
28224000 7 131
28224000 7 133
28224000 7 137
28224000 7 132
28224000 7 131
28224000 7 136
28224000 7 137
28224000 7 134
28224000 7 135
32256000 8 142
32256000 8 136
32256000 8 142
32256000 8 133
32256000 8 146
32256000 8 143
32256000 8 137
32256000 8 139
32256000 8 144
32256000 8 140
32256000 8 136
32256000 8 145
32256000 8 135
32256000 8 131
32256000 8 132
36288000 9 167
36288000 9 165
36288000 9 167
36288000 9 201
36288000 9 166
36288000 9 165
36288000 9 169
36288000 9 165
36288000 9 163
36288000 9 174
36288000 9 164
36288000 9 167
36288000 9 169
36288000 9 166
36288000 9 165
40320000 10 202
40320000 10 196
40320000 10 166
40320000 10 172
40320000 10 196
40320000 10 180
40320000 10 197
40320000 10 166
40320000 10 198
40320000 10 195
40320000 10 197
40320000 10 199
40320000 10 197
40320000 10 194
40320000 10 195
44352000 11 198
44352000 11 200
44352000 11 198
44352000 11 197
44352000 11 197
44352000 11 199
44352000 11 199
44352000 11 202
44352000 11 197
44352000 11 197
44352000 11 199
44352000 11 199
44352000 11 201
44352000 11 199
44352000 11 197
48384000 12 207
48384000 12 214
48384000 12 201
48384000 12 233
48384000 12 225
48384000 12 222
48384000 12 225
48384000 12 227
48384000 12 229
48384000 12 230
48384000 12 228
48384000 12 201
48384000 12 213
48384000 12 229
48384000 12 234
52416000 13 261
52416000 13 233
52416000 13 232
52416000 13 264
52416000 13 262
52416000 13 237
52416000 13 268
52416000 13 230
52416000 13 238
52416000 13 230
52416000 13 231
52416000 13 231
52416000 13 263
52416000 13 241
52416000 13 232
56448000 14 265
56448000 14 301
56448000 14 264
56448000 14 234
56448000 14 246
56448000 14 261
56448000 14 273
56448000 14 266
56448000 14 241
56448000 14 266
56448000 14 271
56448000 14 289
56448000 14 239
56448000 14 262
56448000 14 248
60480000 15 297
60480000 15 274
60480000 15 299
60480000 15 298
60480000 15 304
60480000 15 326
60480000 15 298
60480000 15 297
60480000 15 268
60480000 15 296
60480000 15 301
60480000 15 265
60480000 15 294
60480000 15 269
60480000 15 301
64512000 16 342
64512000 16 330
64512000 16 333
64512000 16 274
64512000 16 324
64512000 16 324
64512000 16 300
64512000 16 299
64512000 16 331
64512000 16 301
64512000 16 327
64512000 16 330
64512000 16 335
64512000 16 360
64512000 16 328
