1 16000000 569 3.14193275
1 16000000 534 3.14070375
1 16000000 535 3.141022
1 16000000 533 3.14124075
1 16000000 535 3.141668
1 16000000 546 3.14103175
1 16000000 519 3.1413735
1 16000000 516 3.1412025
1 16000000 516 3.14156825
1 16000000 521 3.14161425
2 16000000 301 3.1415425
2 16000000 285 3.1417195
2 16000000 268 3.1404755
2 16000000 273 3.14093
2 16000000 263 3.14117125
2 16000000 284 3.1420625
2 16000000 266 3.14174475
2 16000000 285 3.141491
2 16000000 268 3.14170525
2 16000000 284 3.1411295
3 16000000 237 3.14136275
3 16000000 190 3.14159925
3 16000000 183 3.14147175
3 16000000 198 3.14164925
3 16000000 175 3.14151575
3 16000000 191 3.14170675
3 16000000 191 3.141585
3 16000000 169 3.14112
3 16000000 191 3.142312
3 16000000 188 3.141336
4 16000000 181 3.140707
4 16000000 171 3.1415415
4 16000000 149 3.14136425
4 16000000 142 3.140352
4 16000000 156 3.1421275
4 16000000 127 3.14107025
4 16000000 148 3.14124775
4 16000000 136 3.1419615
4 16000000 143 3.14160875
4 16000000 128 3.14197375
5 16000000 158 3.141996
5 16000000 140 3.14250425
5 16000000 127 3.14139825
5 16000000 111 3.142057
5 16000000 111 3.141671
5 16000000 130 3.14069425
5 16000000 106 3.14099575
5 16000000 122 3.141566
5 16000000 116 3.1416975
5 16000000 109 3.14136525
6 16000000 138 3.14079625
6 16000000 128 3.141482
6 16000000 98 3.14117325
6 16000000 112 3.14126
6 16000000 110 3.1422045
6 16000000 99 3.1422045
6 16000000 106 3.14173825
6 16000000 110 3.14143925
6 16000000 104 3.14089275
6 16000000 86 3.14067775
8 16000000 148 3.1420715
8 16000000 113 3.14128375
8 16000000 110 3.141608
8 16000000 104 3.1417065
8 16000000 103 3.14200225
8 16000000 110 3.1424725
8 16000000 110 3.14231525
8 16000000 107 3.14135725
8 16000000 107 3.14144225
8 16000000 104 3.14176425
12 16000000 152 3.1413975
12 16000000 127 3.141743
12 16000000 113 3.1415985
12 16000000 95 3.14186675
12 16000000 112 3.14101725
12 16000000 101 3.1411855
12 16000000 95 3.14156475
12 16000000 111 3.14164175
12 16000000 112 3.14176575
12 16000000 109 3.140724
18 16000000 144 3.1414615
18 16000000 120 3.140618
18 16000000 102 3.14217475
18 16000000 111 3.14149825
18 16000000 109 3.141971
18 16000000 94 3.142321
18 16000000 111 3.14149725
18 16000000 111 3.141065
18 16000000 95 3.14132575
18 16000000 112 3.1417355