1 16000000 574 3.1412825
1 16000000 524 3.14158025
1 16000000 537 3.14135325
1 16000000 527 3.1412
1 16000000 528 3.14089675
1 16000000 540 3.14197525
1 16000000 540 3.140926
1 16000000 536 3.14216725
1 16000000 535 3.1416545
1 16000000 541 3.141082
2 16000000 310 3.14162275
2 16000000 276 3.14216475
2 16000000 271 3.14160775
2 16000000 270 3.1410255
2 16000000 282 3.141574
2 16000000 270 3.14211775
2 16000000 270 3.14167075
2 16000000 285 3.1411725
2 16000000 267 3.14167825
2 16000000 270 3.141445
3 16000000 220 3.1413155
3 16000000 204 3.1417035
3 16000000 181 3.141298
3 16000000 194 3.14126775
3 16000000 198 3.14165425
3 16000000 188 3.1415415
3 16000000 173 3.14131525
3 16000000 191 3.141571
3 16000000 191 3.14160125
3 16000000 186 3.140752
4 16000000 187 3.14127025
4 16000000 162 3.14156875
4 16000000 146 3.14125325
4 16000000 145 3.1414865
4 16000000 142 3.1423045
4 16000000 142 3.14192
4 16000000 143 3.14177225
4 16000000 126 3.141632
4 16000000 136 3.1415865
4 16000000 140 3.1410045
5 16000000 164 3.141144
5 16000000 129 3.14229175
5 16000000 124 3.1417745
5 16000000 111 3.1423285
5 16000000 130 3.1410365
5 16000000 104 3.1416545
5 16000000 127 3.14084725
5 16000000 110 3.1411375
5 16000000 110 3.1418405
5 16000000 126 3.141541
6 16000000 133 3.1415865
6 16000000 120 3.142244
6 16000000 94 3.1416785
6 16000000 118 3.14050475
6 16000000 106 3.14181925
6 16000000 111 3.14136375
6 16000000 111 3.14201075
6 16000000 111 3.1423965
6 16000000 103 3.1414975
6 16000000 94 3.14148575
8 16000000 129 3.14166125
8 16000000 91 3.1418925
8 16000000 81 3.14081325
8 16000000 90 3.14139575
8 16000000 84 3.14104825
8 16000000 82 3.14192475
8 16000000 79 3.141362
8 16000000 88 3.14076725
8 16000000 88 3.1417795
8 16000000 79 3.141316
10 16000000 110 3.14176975
10 16000000 77 3.14143025
10 16000000 80 3.14152025
10 16000000 80 3.141604
10 16000000 69 3.14158975
10 16000000 72 3.14141225
10 16000000 70 3.141741
10 16000000 70 3.1413105
10 16000000 77 3.14178
10 16000000 70 3.1413645
12 16000000 93 3.142052
12 16000000 87 3.1414855
12 16000000 66 3.1412745
12 16000000 75 3.1414755
12 16000000 60 3.14123475
12 16000000 75 3.142239
12 16000000 64 3.14185525
12 16000000 69 3.14220925
12 16000000 86 3.14111625
12 16000000 63 3.14116875
14 16000000 107 3.1415505
14 16000000 95 3.14242275
14 16000000 78 3.1414375
14 16000000 88 3.14260475
14 16000000 62 3.1419155
14 16000000 79 3.14265775
14 16000000 79 3.14207075
14 16000000 78 3.141364
14 16000000 78 3.14088175
14 16000000 79 3.14140675
16 16000000 106 3.14154025
16 16000000 71 3.14334725
16 16000000 78 3.14143275
16 16000000 74 3.14068675
16 16000000 78 3.1423315
16 16000000 87 3.14183725
16 16000000 70 3.141851
16 16000000 83 3.141874
16 16000000 83 3.14187525
16 16000000 70 3.14110125
18 16000000 119 3.141549
18 16000000 75 3.14183325
18 16000000 79 3.14195625
18 16000000 76 3.14173225
18 16000000 72 3.141631
18 16000000 70 3.1407325
18 16000000 82 3.14143175
18 16000000 72 3.1422795
18 16000000 76 3.14124725
18 16000000 76 3.1418855