1000 10000000000
5001000076 5001000065
5001000085 5001000091
5001000025 5001000069
5001000048 5001000032
5001000014 5001000043
5001000082 5001000006
5001000059 5001000004
5001000012 5001000094
5001000018 5001000041
5001000052 5001000055
5001000033 5001000066
5001000072 5001000002
5001000096 5001000068
5001000053 5001000029
5001000051 5001000022
5001000034 5001000059
5001000064 5001000018
5001000064 5001000067
5001000058 5001000056
5001000096 5001000024
5001000018 5001000011
5001000017 5001000097
5001000039 5001000008
5001000071 5001000052
5001000098 5001000002
5001000077 5001000042
5001000021 5001000083
5001000026 5001000046
5001000063 5001000042
5001000032 5001000032
5001000019 5001000031
5001000046 5001000055
5001000022 5001000068
5001000059 5001000052
5001000054 5001000078
5001000088 5001000084
5001000015 5001000010
5001000090 5001000020
5001000038 5001000021
5001000053 5001000089
5001000033 5001000087
5001000014 5001000034
5001000008 5001000012
5001000031 5001000073
5001000075 5001000056
5001000055 5001000065
5001000085 5001000043
5001000078 5001000055
5001000049 5001000065
5001000078 5001000003
5001000024 5001000043
5001000004 5001000027
5001000028 5001000053
5001000024 5001000002
5001000007 5001000013
5001000009 5001000099
5001000045 5001000052
5001000094 5001000029
5001000090 5001000044
5001000040 5001000035
5001000070 5001000075
5001000020 5001000076
5001000028 5001000059
5001000006 5001000017
5001000075 5001000034
5001000055 5001000031
5001000030 5001000010
5001000014 5001000045
5001000069 5001000007
5001000021 5001000092
5001000004 5001000071
5001000063 5001000055
5001000088 5001000048
5001000021 5001000017
5001000042 5001000075
5001000025 5001000091
5001000039 5001000023
5001000042 5001000050
5001000067 5001000026
5001000090 5001000012
5001000003 5001000029
5001000008 5001000029
5001000064 5001000045
5001000055 5001000093
5001000048 5001000086
5001000056 5001000052
5001000094 5001000016
5001000069 5001000064
5001000020 5001000015
5001000028 5001000063
5001000062 5001000067
5001000092 5001000079
5001000051 5001000030
5001000007 5001000069
5001000024 5001000022
5001000021 5001000019
5001000076 5001000082
5001000007 5001000037
5001000080 5001000042
5001000040 5001000044
2501000098 2501000062
2501000036 2501000074
2501000029 2501000062
2501000049 2501000089
2501000002 2501000096
2501000060 2501000033
2501000019 2501000089
2501000040 2501000090
2501000043 2501000094
2501000086 2501000034
2501000084 2501000053
2501000055 2501000022
2501000080 2501000033
2501000070 2501000099
2501000035 2501000025
2501000052 2501000025
2501000058 2501000015
2501000028 2501000057
2501000062 2501000095
2501000082 2501000093
2501000095 2501000039
2501000097 2501000092
2501000081 2501000046
2501000085 2501000077
2501000029 2501000029
2501000048 2501000018
2501000015 2501000004
2501000034 2501000035
2501000029 2501000015
2501000052 2501000012
2501000077 2501000040
2501000054 2501000077
2501000082 2501000009
2501000007 2501000008
2501000011 2501000064
2501000062 2501000038
2501000041 2501000093
2501000081 2501000046
2501000026 2501000055
2501000067 2501000095
2501000063 2501000015
2501000058 2501000088
2501000064 2501000050
2501000065 2501000099
2501000044 2501000018
2501000073 2501000013
2501000089 2501000033
2501000057 2501000077
2501000092 2501000059
2501000051 2501000100
2501000086 2501000065
2501000091 2501000083
2501000048 2501000045
2501000054 2501000019
2501000062 2501000067
2501000035 2501000081
2501000008 2501000001
2501000007 2501000031
2501000012 2501000079
2501000017 2501000029
2501000007 2501000035
2501000055 2501000100
2501000054 2501000084
2501000054 2501000087
2501000070 2501000077
2501000080 2501000075
2501000056 2501000070
2501000046 2501000083
2501000053 2501000093
2501000091 2501000046
2501000006 2501000065
2501000042 2501000010
2501000042 2501000026
2501000029 2501000021
2501000070 2501000013
2501000022 2501000059
2501000043 2501000051
2501000063 2501000087
2501000059 2501000018
2501000069 2501000099
2501000010 2501000045
2501000007 2501000092
2501000057 2501000040
2501000008 2501000063
2501000048 2501000059
2501000072 2501000020
2501000038 2501000088
2501000096 2501000033
2501000052 2501000085
2501000037 2501000034
2501000045 2501000079
2501000018 2501000030
2501000023 2501000084
2501000063 2501000036
2501000006 2501000014
2501000022 2501000032
2501000010 2501000065
2501000069 2501000028
2501000008 2501000083
2501000040 2501000004
1251000083 1251000093
1251000099 1251000004
1251000038 1251000100
1251000090 1251000012
1251000025 1251000051
1251000056 1251000053
1251000040 1251000068
1251000086 1251000048
1251000057 1251000086
1251000066 1251000025
1251000091 1251000094
1251000070 1251000078
1251000034 1251000055
1251000071 1251000091
1251000009 1251000046
1251000093 1251000042
1251000085 1251000001
1251000060 1251000026
1251000025 1251000050
1251000054 1251000020
1251000032 1251000004
1251000040 1251000048
1251000059 1251000079
1251000036 1251000083
1251000030 1251000076
1251000084 1251000068
1251000053 1251000042
1251000100 1251000017
1251000065 1251000031
1251000060 1251000078
1251000047 1251000009
1251000041 1251000053
1251000046 1251000086
1251000029 1251000063
1251000027 1251000012
1251000053 1251000090
1251000084 1251000032
1251000028 1251000001
1251000032 1251000006
1251000082 1251000058
1251000052 1251000088
1251000085 1251000058
1251000030 1251000002
1251000065 1251000006
1251000014 1251000033
1251000070 1251000087
1251000021 1251000053
1251000066 1251000016
1251000015 1251000068
1251000036 1251000038
1251000051 1251000093
1251000010 1251000068
1251000003 1251000007
1251000092 1251000039
1251000054 1251000062
1251000099 1251000077
1251000015 1251000019
1251000077 1251000009
1251000087 1251000011
1251000031 1251000022
1251000025 1251000064
1251000087 1251000051
1251000094 1251000087
1251000052 1251000007
1251000059 1251000031
1251000098 1251000070
1251000065 1251000099
1251000067 1251000061
1251000054 1251000002
1251000094 1251000052
1251000004 1251000051
1251000037 1251000097
1251000051 1251000086
1251000087 1251000052
1251000063 1251000091
1251000053 1251000093
1251000015 1251000057
1251000061 1251000088
1251000008 1251000010
1251000063 1251000100
1251000021 1251000042
1251000036 1251000085
1251000014 1251000077
1251000004 1251000080
1251000033 1251000085
1251000035 1251000044
1251000072 1251000080
1251000009 1251000066
1251000001 1251000061
1251000051 1251000094
1251000054 1251000042
1251000034 1251000080
1251000028 1251000017
1251000044 1251000027
1251000011 1251000093
1251000097 1251000094
1251000043 1251000017
1251000024 1251000018
1251000097 1251000073
1251000059 1251000077
626000068 626000023
626000024 626000005
626000022 626000050
626000085 626000100
626000063 626000052
626000060 626000078
626000013 626000090
626000040 626000049
626000087 626000041
626000089 626000006
626000088 626000067
626000048 626000068
626000024 626000097
626000002 626000005
626000047 626000042
626000004 626000057
626000047 626000011
626000037 626000082
626000094 626000056
626000046 626000070
626000058 626000069
626000098 626000008
626000006 626000050
626000043 626000008
626000059 626000045
626000093 626000060
626000030 626000053
626000048 626000089
626000074 626000074
626000014 626000063
626000099 626000014
626000049 626000068
626000075 626000057
626000012 626000046
626000054 626000073
626000071 626000050
626000016 626000094
626000071 626000043
626000073 626000013
626000028 626000013
626000042 626000015
626000076 626000034
626000061 626000062
626000077 626000057
626000029 626000032
626000088 626000090
626000060 626000044
626000068 626000033
626000093 626000063
626000062 626000044
626000084 626000082
626000082 626000069
626000077 626000076
626000015 626000005
626000071 626000044
626000025 626000096
626000096 626000001
626000046 626000049
626000098 626000004
626000015 626000067
626000099 626000073
626000074 626000069
626000100 626000028
626000050 626000030
626000066 626000093
626000062 626000033
626000099 626000038
626000003 626000094
626000049 626000026
626000086 626000002
626000078 626000081
626000029 626000037
626000029 626000027
626000071 626000082
626000017 626000004
626000068 626000081
626000043 626000025
626000044 626000019
626000087 626000057
626000086 626000063
626000035 626000085
626000094 626000093
626000053 626000045
626000077 626000073
626000095 626000018
626000057 626000046
626000095 626000018
626000055 626000037
626000087 626000040
626000077 626000042
626000063 626000031
626000065 626000089
626000085 626000086
626000006 626000034
626000076 626000066
626000025 626000020
626000089 626000038
626000097 626000092
626000077 626000005
626000064 626000072
313500079 313500060
313500095 313500018
313500067 313500088
313500052 313500003
313500026 313500010
313500058 313500039
313500048 313500004
313500007 313500071
313500033 313500091
313500019 313500058
313500072 313500041
313500091 313500084
313500009 313500048
313500061 313500084
313500084 313500070
313500088 313500073
313500041 313500088
313500045 313500067
313500053 313500030
313500076 313500005
313500079 313500069
313500008 313500050
313500008 313500003
313500020 313500098
313500001 313500059
313500022 313500081
313500073 313500045
313500054 313500060
313500061 313500003
313500047 313500031
313500038 313500065
313500044 313500005
313500051 313500077
313500012 313500075
313500089 313500010
313500091 313500003
313500043 313500044
313500084 313500004
313500054 313500099
313500082 313500011
313500078 313500085
313500078 313500010
313500032 313500003
313500091 313500037
313500014 313500066
313500086 313500071
313500085 313500007
313500080 313500037
313500024 313500095
313500008 313500078
313500084 313500080
313500027 313500083
313500082 313500033
313500010 313500079
313500068 313500099
313500048 313500005
313500039 313500067
313500098 313500068
313500026 313500026
313500091 313500035
313500013 313500089
313500011 313500009
313500070 313500094
313500080 313500001
313500023 313500043
313500035 313500079
313500078 313500085
313500045 313500066
313500007 313500057
313500059 313500078
313500057 313500021
313500046 313500070
313500033 313500100
313500034 313500069
313500095 313500013
313500052 313500032
313500088 313500065
313500076 313500052
313500071 313500028
313500087 313500058
313500086 313500065
313500019 313500095
313500018 313500097
313500047 313500091
313500095 313500100
313500055 313500026
313500036 313500038
313500088 313500032
313500073 313500048
313500034 313500066
313500015 313500090
313500098 313500002
313500023 313500054
313500093 313500077
313500077 313500043
313500033 313500016
313500057 313500005
313500007 313500040
313500024 313500089
313500029 313500033
157250082 157250090
157250037 157250083
157250022 157250059
157250020 157250056
157250041 157250072
157250003 157250046
157250076 157250040
157250060 157250036
157250049 157250043
157250042 157250079
157250055 157250044
157250054 157250088
157250098 157250008
157250007 157250030
157250072 157250001
157250012 157250008
157250067 157250055
157250088 157250083
157250081 157250054
157250024 157250047
157250095 157250012
157250033 157250046
157250032 157250006
157250029 157250061
157250044 157250074
157250037 157250011
157250071 157250100
157250086 157250019
157250003 157250093
157250045 157250069
157250031 157250082
157250060 157250020
157250038 157250067
157250072 157250090
157250059 157250044
157250040 157250058
157250074 157250031
157250013 157250035
157250072 157250066
157250008 157250050
157250098 157250050
157250007 157250059
157250097 157250011
157250031 157250019
157250038 157250071
157250027 157250062
157250008 157250049
157250074 157250074
157250030 157250097
157250029 157250058
157250081 157250033
157250050 157250094
157250018 157250021
157250041 157250070
157250082 157250067
157250077 157250065
157250091 157250061
157250015 157250021
157250040 157250048
157250030 157250084
157250070 157250013
157250068 157250031
157250034 157250056
157250084 157250008
157250039 157250042
157250025 157250005
157250040 157250058
157250055 157250060
157250085 157250013
157250019 157250020
157250063 157250019
157250012 157250022
157250073 157250073
157250046 157250042
157250034 157250047
157250074 157250035
157250084 157250057
157250081 157250039
157250040 157250036
157250045 157250066
157250050 157250046
157250097 157250018
157250096 157250036
157250085 157250016
157250095 157250094
157250025 157250078
157250001 157250043
157250053 157250017
157250069 157250033
157250079 157250047
157250094 157250044
157250045 157250045
157250008 157250046
157250078 157250025
157250017 157250099
157250078 157250021
157250027 157250067
157250045 157250049
157250052 157250064
157250040 157250003
79125006 79125032
79125010 79125005
79125098 79125076
79125016 79125058
79125054 79125038
79125050 79125022
79125100 79125070
79125036 79125034
79125023 79125027
79125040 79125080
79125026 79125044
79125033 79125088
79125088 79125081
79125076 79125080
79125001 79125100
79125022 79125066
79125047 79125008
79125068 79125049
79125090 79125085
79125053 79125013
79125078 79125050
79125086 79125046
79125088 79125049
79125001 79125006
79125006 79125091
79125062 79125052
79125016 79125077
79125040 79125054
79125019 79125019
79125029 79125040
79125014 79125034
79125081 79125081
79125078 79125092
79125078 79125080
79125044 79125035
79125007 79125009
79125019 79125039
79125040 79125080
79125079 79125080
79125020 79125080
79125034 79125015
79125006 79125026
79125070 79125100
79125019 79125027
79125097 79125058
79125077 79125041
79125014 79125086
79125039 79125083
79125081 79125078
79125093 79125082
79125033 79125039
79125041 79125032
79125028 79125086
79125021 79125026
79125005 79125022
79125063 79125013
79125022 79125042
79125085 79125009
79125053 79125015
79125020 79125014
79125088 79125046
79125072 79125063
79125008 79125087
79125071 79125054
79125021 79125003
79125051 79125098
79125009 79125097
79125018 79125019
79125082 79125054
79125073 79125063
79125044 79125050
79125009 79125085
79125047 79125072
79125063 79125010
79125088 79125074
79125021 79125002
79125053 79125095
79125039 79125012
79125082 79125047
79125037 79125024
79125091 79125028
79125022 79125096
79125029 79125013
79125003 79125037
79125090 79125067
79125029 79125014
79125083 79125093
79125091 79125058
79125072 79125094
79125099 79125023
79125060 79125043
79125011 79125006
79125048 79125071
79125027 79125071
79125058 79125018
79125004 79125098
79125059 79125082
79125003 79125021
79125058 79125041
79125034 79125004
40062559 40062508
40062501 40062507
40062543 40062556
40062514 40062561
40062552 40062592
40062509 40062564
40062552 40062515
40062538 40062599
40062596 40062513
40062509 40062568
40062551 40062588
40062567 40062569
40062582 40062580
40062552 40062507
40062525 40062538
40062580 40062574
40062582 40062546
40062551 40062550
40062530 40062532
40062599 40062513
40062535 40062526
40062540 40062532
40062591 40062571
40062519 40062584
40062501 40062569
40062527 40062573
40062553 40062578
40062551 40062528
40062549 40062540
40062580 40062535
40062535 40062555
40062508 40062561
40062525 40062598
40062589 40062537
40062544 40062521
40062596 40062512
40062546 40062591
40062594 40062541
40062506 40062598
40062539 40062586
40062520 40062600
40062560 40062501
40062570 40062525
40062598 40062594
40062529 40062502
40062592 40062544
40062508 40062513
40062536 40062514
40062527 40062502
40062537 40062520
40062577 40062533
40062596 40062558
40062521 40062555
40062578 40062572
40062516 40062579
40062507 40062588
40062554 40062588
40062511 40062515
40062547 40062552
40062563 40062562
40062535 40062532
40062564 40062598
40062547 40062535
40062551 40062508
40062521 40062588
40062575 40062505
40062511 40062524
40062515 40062591
40062548 40062511
40062516 40062512
40062574 40062581
40062583 40062528
40062521 40062541
40062512 40062549
40062589 40062573
40062597 40062579
40062566 40062554
40062525 40062525
40062594 40062541
40062598 40062543
40062567 40062514
40062529 40062567
40062506 40062581
40062574 40062583
40062508 40062571
40062548 40062544
40062533 40062560
40062582 40062539
40062519 40062528
40062505 40062564
40062545 40062509
40062598 40062511
40062535 40062574
40062590 40062577
40062535 40062511
40062559 40062595
40062538 40062540
40062525 40062522
40062537 40062529
40062549 40062525
20531319 20531283
20531260 20531268
20531302 20531315
20531334 20531320
20531307 20531315
20531325 20531300
20531330 20531268
20531269 20531324
20531274 20531290
20531261 20531314
20531337 20531281
20531293 20531291
20531346 20531315
20531343 20531262
20531292 20531252
20531279 20531350
20531294 20531311
20531326 20531331
20531346 20531325
20531300 20531277
20531254 20531299
20531318 20531321
20531273 20531276
20531260 20531335
20531321 20531277
20531327 20531333
20531333 20531312
20531277 20531347
20531291 20531315
20531344 20531268
20531332 20531297
20531254 20531266
20531330 20531311
20531349 20531263
20531330 20531345
20531277 20531332
20531341 20531252
20531269 20531307
20531319 20531259
20531319 20531298
20531255 20531266
20531307 20531300
20531325 20531255
20531303 20531307
20531288 20531343
20531334 20531301
20531326 20531297
20531276 20531295
20531277 20531339
20531307 20531350
20531262 20531294
20531287 20531344
20531342 20531318
20531350 20531328
20531255 20531327
20531326 20531267
20531308 20531314
20531256 20531286
20531312 20531277
20531267 20531273
20531311 20531288
20531311 20531329
20531332 20531297
20531289 20531290
20531301 20531335
20531325 20531268
20531261 20531296
20531297 20531261
20531301 20531253
20531277 20531331
20531274 20531340
20531267 20531345
20531251 20531288
20531312 20531300
20531324 20531282
20531265 20531297
20531290 20531342
20531326 20531350
20531348 20531264
20531336 20531321
20531253 20531313
20531272 20531284
20531308 20531271
20531286 20531334
20531310 20531342
20531336 20531292
20531337 20531288
20531297 20531280
20531282 20531311
20531288 20531311
20531251 20531296
20531320 20531310
20531310 20531269
20531311 20531335
20531261 20531280
20531328 20531258
20531305 20531288
20531267 20531254
20531261 20531331
20531324 20531348
89 15
72 60
35 24
53 3
98 7
50 14
13 100
27 2
31 8
27 86
27 18
17 14
45 27
29 63
36 54
17 18
28 42
70 31
97 38
27 98
93 81
27 65
53 23
68 18
44 34
65 44
30 78
81 85
92 96
41 10
12 45
3 71
88 47
25 79
50 83
76 65
71 14
66 18
14 27
79 49
18 10
19 55
65 37
43 10
37 50
76 67
45 65
91 55
66 47
5 11
67 70
29 58
92 67
89 62
85 63
45 20
23 38
20 39
34 84
8 81
77 22
76 5
11 26
68 3
86 59
6 69
49 40
31 52
94 34
56 45
58 14
30 79
47 62
35 33
89 68
8 26
22 60
60 67
93 64
24 70
14 72
16 21
67 23
93 84
57 48
21 81
81 14
74 66
38 99
35 5
55 56
90 44
43 50
25 74
2 60
37 100
98 52
70 64
52 37
24 58
